0 34 7 
1 45 22 22 14 
2 33 25 19 
3 42 36 27 17 4 
4 27 27 17 17 
5 43 
6 28 13 13 
7 41 
8 48 19 
9 46 30 11 
10 41 29 29 28 28 28 7 0 
11 30 21 
12 26 26 21 21 11 9 
13 47 23 22 
14 48 8 
15 49 34 
16 9 
17 38 24 20 
18 42 32 28 6 
19 40 15 
20 46 36 35 3 
21 22 14 1 
22 6 
23 22 21 11 
24 38 5 4 
25 34 
26 48 26 9 
27 31 24 5 
28 44 39 22 
29 22 49 
30 37 23 
31 32 18 
32 47 37 27 13 6 5 
33 19 8 
34 40 19 2 
35 46 9 
36 42 
37 47 35 35 9 5 
38 37 35 
39 42 18 
40 15 
41 44 28 
42 31 
43 38 37 24 
44 39 7 
45 49 15 14 14 8 
46 16 
47 30 23 
48 33 33 21 12 
49 22 34 1 
